{
  "epoch": 1,
  "metrics": {
    "ce": 0.6569755020271569,
    "cons": 0.0,
    "reg_gate": 0.0,
    "reg_dcdir": 0.0,
    "total": 0.6569755020271569
  }
}